0 0,0,0
1 1,013,008
2 1,013,009
3 1,013,007
4 1,013,004
5 1,013,010
6 1,013,001
7 1,013,011
8 1,013,003
9 1,013,002
10 1,013,006
11 1,013,005
12 1,011,008
13 1,011,002
14 1,011,010
15 1,011,001
16 1,011,003
17 1,011,007
18 1,011,004
19 1,011,011
20 1,011,009
21 1,011,005
22 1,011,006
23 1,010,001
24 1,010,010
25 1,010,004
26 1,010,011
27 1,010,003
28 1,010,012
29 1,010,002
30 1,010,009
31 1,010,005
32 1,010,006
33 1,010,008
34 1,010,007
35 1,006,006
36 1,006,011
37 1,006,012
38 1,006,003
39 1,006,008
40 1,006,007
41 1,006,005
42 1,006,004
43 1,006,013
44 1,006,001
45 1,006,002
46 1,006,010
47 1,006,009
48 1,009,008
49 1,009,016
50 1,009,002
51 1,009,010
52 1,009,013
53 1,009,009
54 1,009,015
55 1,009,001
56 1,009,011
57 1,009,006
58 1,009,007
59 1,009,014
60 1,009,004
61 1,009,012
62 1,009,003
63 1,009,005
64 1,009,017
65 1,008,005
66 1,008,010
67 1,008,017
68 1,008,016
69 1,008,003
70 1,008,014
71 1,008,015
72 1,008,013
73 1,008,006
74 1,008,012
75 1,008,011
76 1,008,007
77 1,008,009
78 1,008,002
79 1,008,008
80 1,008,001
81 1,008,004
82 1,024,005
83 1,024,007
84 1,024,001
85 1,024,009
86 1,024,002
87 1,024,008
88 1,024,012
89 1,024,004
90 1,024,010
91 1,024,013
92 1,024,014
93 1,024,006
94 1,024,003
95 1,024,011
96 1,007,008
97 1,007,009
98 1,007,003
99 1,007,002
100 1,007,005
101 1,007,007
102 1,007,004
103 1,007,006
104 1,007,001
105 1,028,008
106 1,028,003
107 1,028,011
108 1,028,009
109 1,028,004
110 1,028,006
111 1,028,001
112 1,028,013
113 1,028,012
114 1,028,002
115 1,028,010
116 1,028,005
117 1,028,007
118 1,016,001
119 1,016,006
120 1,016,010
121 1,016,003
122 1,016,002
123 1,016,008
124 1,016,004
125 1,016,007
126 1,016,011
127 1,016,009
128 1,016,005
129 1,014,006
130 1,014,004
131 1,014,007
132 1,014,005
133 1,014,009
134 1,014,011
135 1,014,002
136 1,014,003
137 1,014,010
138 1,014,001
139 1,014,008
140 1,019,001
141 1,019,008
142 1,019,005
143 1,019,007
144 1,019,006
145 1,019,009
146 1,019,003
147 1,019,002
148 1,019,004
149 1,012,012
150 1,012,004
151 1,012,015
152 1,012,009
153 1,012,006
154 1,012,017
155 1,012,005
156 1,012,001
157 1,012,016
158 1,012,003
159 1,012,014
160 1,012,010
161 1,012,002
162 1,012,013
163 1,012,011
164 1,012,007
165 1,012,008
166 1,034,001
167 1,034,006
168 1,034,012
169 1,034,008
170 1,034,011
171 1,034,004
172 1,034,002
173 1,034,005
174 1,034,014
175 1,034,007
176 1,034,003
177 1,034,009
178 1,034,010
179 1,034,013
180 1,032,016
181 1,032,005
182 1,032,006
183 1,032,009
184 1,032,004
185 1,032,002
186 1,032,013
187 1,032,001
188 1,032,010
189 1,032,015
190 1,032,007
191 1,032,011
192 1,032,008
193 1,032,012
194 1,032,014
195 1,032,017
196 1,032,018
197 1,032,003
198 1,030,017
199 1,030,012
200 1,030,001
201 1,030,009
202 1,030,011
203 1,030,018
204 1,030,007
205 1,030,019
206 1,030,010
207 1,030,015
208 1,030,005
209 1,030,020
210 1,030,016
211 1,030,013
212 1,030,003
213 1,030,006
214 1,030,004
215 1,030,008
216 1,030,014
217 1,030,021
218 1,030,002
219 1,005,011
220 1,005,010
221 1,005,006
222 1,005,013
223 1,005,002
224 1,005,004
225 1,005,012
226 1,005,005
227 1,005,014
228 1,005,001
229 1,005,008
230 1,005,007
231 1,005,009
232 1,005,003
233 1,029,008
234 1,029,012
235 1,029,013
236 1,029,011
237 1,029,005
238 1,029,015
239 1,029,014
240 1,029,007
241 1,029,004
242 1,029,006
243 0,0,0
244 1,029,009
245 1,029,001
246 1,029,003
247 0,0,0
248 1,029,010
249 1,029,002
250 0,0,0
251 0,0,0
252 1,031,007
253 1,031,008
254 1,031,011
255 1,031,012
256 1,031,015
257 1,031,013
258 1,031,001
259 1,031,003
260 1,031,014
261 1,031,010
262 1,031,002
263 1,031,004
264 1,031,018
265 1,031,005
266 1,031,006
267 1,031,009
268 1,031,019
269 1,031,020
270 1,031,017
271 1,031,016
272 0,0,0
273 0,0,0
274 0,0,0
275 0,0,0
276 1,004,014
277 1,004,001
278 1,004,009
279 1,004,004
280 1,004,016
281 1,004,006
282 1,004,019
283 1,004,010
284 1,004,007
285 1,004,020
286 1,004,008
287 1,004,002
288 1,004,018
289 1,004,015
290 1,004,005
291 1,004,011
292 1,004,013
293 1,004,003
294 1,004,012
295 1,004,017
296 1,004,021
297 1,026,003
298 1,026,004
299 1,026,009
300 1,026,001
301 1,026,008
302 1,026,002
303 1,026,007
304 1,026,005
305 1,026,006
306 1,023,013
307 1,023,005
308 1,023,003
309 1,023,001
310 1,023,004
311 1,023,014
312 1,023,006
313 1,023,015
314 1,023,007
315 1,023,012
316 1,023,008
317 1,023,002
318 1,023,009
319 1,023,010
320 1,023,016
321 1,023,011
322 1,002,002
323 0,0,0
324 1,002,001
325 1,002,005
326 1,002,004
327 0,0,0
328 1,002,003
329 1,025,009
330 1,025,007
331 1,025,002
332 1,025,010
333 1,025,008
334 1,025,005
335 1,025,003
336 1,025,006
337 1,025,001
338 1,025,004
339 1,033,001
340 1,033,013
341 1,033,009
342 1,033,006
343 1,033,012
344 1,033,007
345 1,033,008
346 1,033,004
347 1,033,014
348 1,033,005
349 1,033,010
350 1,033,003
351 1,033,002
352 1,033,011
353 1,022,002
354 1,022,003
355 1,022,004
356 1,022,001
357 0,0,0
358 1,003,005
359 1,003,002
360 1,003,001
361 0,0,0
362 1,003,003
363 0,0,0
364 0,0,0
365 1,003,004
366 1,018,013
367 1,018,009
368 1,018,012
369 1,018,006
370 1,018,007
371 1,018,015
372 1,018,008
373 0,0,0
374 1,018,003
375 1,018,005
376 1,018,004
377 1,018,014
378 1,018,011
379 1,018,002
380 1,018,010
381 1,018,001
382 0,0,0
383 0,0,0
384 1,001,007
385 1,001,001
386 1,001,010
387 1,001,002
388 0,0,0
389 1,001,003
390 0,0,0
391 0,0,0
392 0,0,0
393 1,001,004
394 1,001,005
395 1,001,006
396 1,001,008
397 1,001,009
398 1,001,011
399 1,001,012
400 1,001,013
401 1,001,014
402 1,001,015
