0 0,0,0
1 1,
2 22,
3 18,
4 58,
5 149,
6 15,
7 84,
8 115,
9 163,
10 176,
11 143,
12 0,0,0
13 125,
14 164,
15 173,
16 126,
17 77,
18 117,
19 0,0,0
20 118,
21 40,
22 107,
23 124,
24 23,
25 108,
26 146,
27 121,
28 0,0,0
29 138,
30 116,
31 52,
32 35,
33 28,
34 0,0,0
35 70,
36 0,0,0
37 24,
38 73,
39 0,0,0
40 71,
41 16,
42 109,
43 101,
44 159,
45 0,0,0
46 38,
47 78,
48 66,
49 61,
50 25,
51 160,
52 132,
53 37,
54 0,0,0
55 67,
56 47,
57 32,
58 12,
59 80,
60 155,
61 49,
62 153,
63 158,
64 86,
65 144,
66 147,
67 0,0,0
68 161,
69 123,
70 151,
71 0,0,0
72 98,
73 175,
74 62,
75 85,
76 152,
77 36,
78 111,
79 29,
80 148,
81 42,
82 0,0,0
83 64,
84 0,0,0
85 150,
86 0,0,0
87 102,
88 79,
89 72,
90 82,
91 97,
92 0,0,0
93 76,
94 145,
95 34,
96 48,
97 27,
98 0,0,0
99 0,0,0
100 167,
101 130,
102 127,
103 171,
104 11,
105 170,
106 136,
107 13,
108 166,
109 51,
110 87,
111 134,
112 20,
113 41,
114 120,
115 137,
116 128,
117 19,
118 140,
119 88,
120 172,
121 94,
122 81,
123 33,
124 3,
125 110,
126 46,
127 169,
128 119,
129 39,
130 63,
131 50,
132 154,
133 21,
134 122,
135 17,
136 142,
137 165,
138 43,
139 91,
140 100,
141 44,
142 0,0,0
143 114,
144 92,
145 53,
146 74,
147 0,0,0
148 168,
149 59,
150 93,
151 129,
152 104,
153 162,
154 135,
155 112,
156 69,
157 65,
158 83,
159 0,0,0
160 156,
161 139,
162 0,0,0
163 57,
164 75,
165 0,0,0
166 14,
167 30,
168 45,
169 99,
170 0,0,0
171 26,
172 113,
173 0,0,0
174 2,
175 0,0,0
176 0,0,0
177 54,
178 0,0,0
179 0,0,0
180 96,
181 4,
182 0,0,0
183 60,
184 133,
185 0,0,0
186 0,0,0
187 31,
188 141,
189 157,
190 90,
191 0,0,0
192 68,
193 174,
194 95,
195 0,0,0
196 103,
